Lu 177 12.523 26 5 368 8.2 T
P 32 10.633 20 11 392 5.1 N
P 32 0.983 13 8 435 5.0 N
Cr 51 2.760 17 5 249 4.0 D
Ir 192 0.745 5 10 366 8.1 T
Sm 153 1.201 12 7 277 6.6 N
Mo 99 6.671 15 5 400 5.3 N
Cs 137 0.024 25 10 281 3.7 N
Cr 51 0.720 27 12 367 5.5 N
Cs 137 0.007 25 2 302 5.9 N
P 32 9.704 11 11 257 5.4 D
Ir 192 1.027 21 12 405 4.5 D
Ir 192 0.567 15 2 473 8.5 N
P 32 23.869 2 3 453 6.7 T
Cs 137 1.047 1 11 368 6.1 N
Ir 192 4.886 28 5 343 7.4 N
Sm 153 1.687 29 1 388 8.5 T
Cs 137 0.118 6 4 243 8.0 D
Co 60 6.089 15 1 285 4.9 T
Lu 177 0.075 25 2 320 5.9 T
Co 60 0.172 31 1 243 8.3 N
Cs 137 0.321 16 1 432 8.3 N
Co 60 0.836 12 6 426 4.8 T
Lu 177 0.066 1 1 370 4.1 T
Sm 153 4.665 26 7 286 4.7 D
Cs 137 0.166 1 4 288 5.2 N
Lu 177 13.095 28 5 450 7.4 D
P 32 5.640 7 5 349 5.7 N
Sm 153 6.843 15 7 294 5.2 T
Ir 192 1.425 17 4 302 8.7 T
Ir 192 4.265 5 10 394 8.1 N
Cs 137 0.787 18 3 283 7.1 T
I 131 1.017 6 12 377 4.1 D
Lu 177 1.073 19 12 370 5.3 D
I 131 0.100 26 5 312 8.2 N
P 32 23.277 28 9 434 4.0 N
P 32 0.283 18 6 410 6.4 T
Cr 51 15.213 22 1 314 7.5 N
I 131 10.494 25 11 317 4.9 N
Cr 51 0.402 30 10 311 7.3 T
I 131 7.055 21 12 476 4.5 T
Lu 177 6.119 5 2 320 3.5 D
Cs 137 0.041 3 10 410 5.5 N
P 32 5.225 17 2 272 6.3 T
Ir 192 0.403 18 4 291 3.9 N
Co 60 3.859 8 11 253 7.9 T
Cs 137 0.961 11 5 297 5.4 T
Mo 99 39.572 24 6 443 6.4 N
Cr 51 3.307 12 10 255 4.5 N
I 131 6.277 17 7 390 3.6 T
Lu 177 3.213 29 11 415 8.0 N
I 131 6.373 8 8 389 4.6 N
Ir 192 0.308 25 6 382 8.9 N
Sm 153 3.357 25 7 456 3.7 D
Sm 153 3.438 14 2 311 4.1 D
Sm 153 4.777 16 4 245 3.6 N
Lu 177 10.746 31 3 374 6.0 T
Co 60 0.564 4 6 310 5.9 N
I 131 5.703 13 1 436 7.6 T
Mo 99 32.357 14 6 272 8.4 N
Ir 192 7.625 19 10 477 8.5 N
Cs 137 0.757 19 11 276 7.4 D
Mo 99 40.918 4 5 447 7.9 T
Co 60 0.399 13 1 347 7.6 D
P 32 0.109 6 12 360 4.1 T
Ir 192 0.286 14 10 460 7.6 D
Sm 153 15.084 1 4 337 5.2 D
Cr 51 26.756 29 4 392 3.3 T
I 131 0.642 18 12 292 7.4 N
I 131 7.987 18 3 470 7.1 D
Lu 177 4.598 4 1 428 4.4 T
Co 60 8.347 20 8 308 7.0 D
Sm 153 24.347 20 10 429 6.2 N
P 32 20.648 18 2 292 6.5 T
Ir 192 1.676 27 7 424 3.2 D
Lu 177 2.662 8 1 305 4.9 T
P 32 2.119 30 1 259 4.8 T
Sm 153 5.711 10 9 263 5.4 N
Cr 51 15.175 27 3 273 4.9 N
Sm 153 0.668 8 10 257 4.2 N
P 32 34.950 27 2 455 7.6 N
Cs 137 0.017 22 9 396 6.8 N
Lu 177 4.801 20 9 265 5.9 T
I 131 2.900 1 10 258 5.1 N
Ir 192 0.384 30 8 272 5.0 T
Cr 51 21.712 31 3 360 6.0 D
Ir 192 5.012 16 3 332 4.0 N
Cr 51 55.169 11 4 446 5.5 T
I 131 2.407 9 1 371 3.7 N
Cr 51 3.392 3 12 346 4.6 D
I 131 1.374 7 6 306 4.5 T
Sm 153 21.109 23 4 467 8.4 T
Mo 99 7.161 14 8 359 3.5 D
Co 60 0.702 22 5 320 8.6 T
Cr 51 22.475 23 12 411 4.3 N
P 32 1.711 28 9 353 4.0 D
I 131 3.431 21 6 443 4.5 D
Lu 177 0.355 12 5 407 6.6 D
P 32 7.992 23 12 454 4.3 D
Mo 99 0.513 10 11 438 7.6 N
Co 60 8.504 4 9 386 6.5 D
I 131 3.721 19 8 419 6.0 D
Co 60 0.910 27 12 382 5.5 D
Co 60 2.437 9 10 386 8.6 D
Lu 177 2.016 10 9 401 5.4 D
Ir 192 0.211 29 1 376 8.5 N
Lu 177 0.999 26 11 272 8.7 D
Cr 51 0.563 23 10 341 6.1 T
Lu 177 2.955 17 7 384 3.6 N
Cr 51 16.719 19 1 313 8.8 D
P 32 0.063 16 10 352 3.6 D
Cr 51 12.382 6 8 401 6.6 T
P 32 0.058 25 7 251 3.7 T
Sm 153 5.939 8 5 476 8.8 D
I 131 0.082 4 11 294 7.6 D
I 131 0.056 23 1 240 6.6 T
Lu 177 1.198 12 10 327 4.5 D
Cr 51 0.891 1 5 317 5.5 T
Mo 99 8.752 4 3 412 5.2 N
P 32 2.205 24 6 469 6.4 D
Cs 137 1.172 19 2 258 8.0 N
P 32 24.670 6 9 379 6.7 N
Ir 192 2.805 26 3 297 8.6 D
Cs 137 0.015 2 9 440 5.5 D
Mo 99 0.523 5 7 363 6.1 D
P 32 2.335 20 11 408 5.1 T
Lu 177 2.402 26 11 312 8.7 N
Ir 192 0.125 16 3 457 4.0 T
Cr 51 37.248 11 7 433 4.9 T
Cr 51 1.341 24 4 359 8.5 D
Sm 153 0.439 31 5 240 4.5 T
Sm 153 3.765 18 9 288 8.5 D
Lu 177 0.180 16 5 432 8.3 N
Sm 153 12.135 1 5 389 5.5 N
Lu 177 6.890 18 6 401 6.4 N
Co 60 3.303 5 6 259 5.5 N
Cs 137 0.095 3 3 327 5.8 T
Co 60 1.483 19 6 320 5.8 T
Lu 177 3.780 20 4 459 7.0 N
Lu 177 1.527 14 9 417 7.7 N
Sm 153 9.387 8 10 244 4.2 T
I 131 7.208 24 5 454 6.3 N
I 131 1.093 8 10 440 4.2 D
Co 60 0.303 12 3 478 4.8 T
Co 60 6.214 25 12 310 4.1 T
Cr 51 4.062 25 4 310 4.0 N
Mo 99 4.462 7 2 352 6.2 D
Ir 192 0.081 25 11 270 4.9 D
Mo 99 0.281 29 4 302 3.3 D
Ir 192 1.948 16 4 246 3.6 D
I 131 1.852 7 8 242 6.7 T
Sm 153 2.444 22 1 375 7.5 T
Cs 137 0.017 24 10 252 8.2 T
Mo 99 27.694 20 9 447 5.9 D
Cr 51 6.777 20 6 242 7.7 N
Co 60 3.824 25 10 303 3.7 T
Cs 137 0.032 9 6 305 7.7 T
Lu 177 0.921 19 7 421 5.6 N
Sm 153 0.142 3 4 374 4.8 D
Cs 137 1.611 19 1 408 8.8 N
Mo 99 35.661 1 11 369 6.1 T
Cr 51 5.638 10 9 439 5.4 T
I 131 8.598 25 4 268 4.0 T
Co 60 11.843 3 10 434 5.5 T
I 131 3.730 4 1 428 4.4 D
Lu 177 10.725 7 7 425 4.4 D
Mo 99 16.157 23 5 377 8.3 T
Ir 192 5.673 28 8 386 8.6 D
Mo 99 5.511 26 5 340 8.2 D
Cs 137 0.528 25 10 288 3.7 D
Sm 153 1.364 12 9 464 5.9 T
Co 60 7.647 15 2 247 8.5 T
Co 60 0.189 27 8 269 4.7 D
Cr 51 6.874 25 7 446 3.7 N
Cr 51 5.656 11 5 334 5.4 D
Lu 177 1.153 10 4 321 5.8 T
P 32 2.675 25 1 354 7.8 N
Sm 153 2.494 17 2 247 6.3 N
P 32 2.979 5 3 386 5.5 N
Sm 153 2.852 20 10 397 6.2 T
Lu 177 6.981 12 5 334 6.6 T
Ir 192 4.800 5 6 353 5.5 T
Lu 177 1.086 7 2 247 6.2 T
Ir 192 4.989 6 6 458 5.9 N
Sm 153 3.309 17 5 290 4.0 T
Cr 51 65.932 2 7 442 6.5 T
Cs 137 1.094 15 8 419 5.8 D
Lu 177 0.129 20 10 316 6.2 D
Cr 51 7.798 12 3 423 4.8 N
P 32 1.509 19 10 291 8.5 T
Cs 137 0.039 4 9 307 6.5 N
Mo 99 0.552 20 6 467 7.7 D
Lu 177 15.728 2 7 415 6.5 D
I 131 1.882 5 8 362 7.3 T
P 32 20.382 29 6 400 6.7 N
P 32 0.060 29 3 339 4.6 D
I 131 13.235 9 10 475 8.6 N
Co 60 0.384 31 10 295 6.9 T
Co 60 5.215 18 10 270 5.2 D
I 131 5.713 1 12 302 5.7 T
Co 60 1.748 14 3 279 4.6 T
Cs 137 0.211 2 3 273 6.7 N
Mo 99 25.058 27 2 398 7.6 D
Mo 99 8.410 19 3 434 6.6 T
Cr 51 2.394 28 9 408 4.0 T
Lu 177 2.442 5 2 272 3.5 T
Sm 153 12.916 27 3 288 4.9 D
Co 60 5.896 18 10 435 5.2 N
Mo 99 6.204 5 7 415 6.1 N
P 32 0.726 23 10 325 6.1 D
Mo 99 2.922 23 4 466 8.4 D
I 131 15.907 10 11 418 7.6 T
P 32 27.477 5 3 397 5.5 T
Lu 177 0.104 7 11 382 4.8 D
Mo 99 4.781 21 8 372 5.3 D
I 131 1.647 5 2 254 3.5 N
P 32 8.286 25 6 294 8.9 D
Mo 99 0.656 18 2 241 6.5 N
Ir 192 0.212 22 4 370 3.4 N
Cs 137 0.644 11 9 251 4.1 T
Cs 137 1.629 6 4 418 8.0 T
Cs 137 0.184 11 11 264 5.4 N
P 32 5.171 6 10 405 7.2 D
Cs 137 0.174 23 6 262 8.3 D
P 32 16.622 11 8 318 3.6 D
Lu 177 16.774 5 8 381 7.3 D
Ir 192 3.334 24 9 266 8.3 T
I 131 2.345 9 2 374 4.2 N
Cr 51 0.603 26 11 416 8.7 T
I 131 1.703 18 8 449 5.8 T
Cr 51 2.602 3 4 366 4.8 N
Mo 99 19.637 20 7 442 3.7 T
I 131 8.811 28 1 278 4.6 T
Cr 51 7.697 11 12 352 7.9 T
Lu 177 1.051 16 2 426 6.6 N
Co 60 3.412 19 7 441 5.6 D
Cs 137 0.811 3 11 361 5.5 N
Co 60 4.569 19 8 269 6.0 T
Cr 51 25.662 11 4 261 5.5 N
Mo 99 0.372 16 9 288 6.4 D
Cr 51 28.713 30 7 271 6.7 T
Co 60 4.988 20 3 279 7.6 D
Mo 99 11.980 28 10 350 7.3 T
Cr 51 19.130 13 11 381 8.2 N
Cs 137 0.343 9 6 460 7.7 D
Cr 51 48.754 31 7 332 8.0 T
Ir 192 3.136 15 5 310 5.3 D
Mo 99 5.923 13 12 468 7.2 T
I 131 6.773 16 5 473 8.3 T
Lu 177 0.392 28 1 325 4.6 D
Ir 192 1.431 6 1 298 5.0 T
Mo 99 1.081 9 4 344 5.0 D
Lu 177 5.999 24 6 293 6.4 T
P 32 0.607 30 8 454 5.0 N
Cs 137 1.340 4 2 415 5.4 N
Lu 177 6.664 8 12 336 6.0 T
Sm 153 14.411 18 8 440 5.8 D
Mo 99 0.472 10 11 335 7.6 D
Mo 99 1.777 18 4 289 3.9 D
Ir 192 2.466 6 8 356 6.6 D
Cs 137 0.008 10 4 385 5.8 D
Co 60 1.209 28 3 452 8.1 N
I 131 14.825 23 5 346 8.3 D
Cs 137 0.575 19 2 403 8.0 D
Co 60 0.035 29 6 245 6.7 T
P 32 6.604 8 8 332 4.6 D
Cr 51 1.438 4 1 282 4.4 N
Cr 51 27.645 2 1 400 8.5 N
Mo 99 7.422 22 7 395 7.8 D
I 131 0.382 16 2 348 6.6 T
Lu 177 3.714 10 4 327 5.8 N
Sm 153 5.471 8 5 475 8.8 T
Co 60 4.344 6 7 471 5.7 N
Ir 192 0.271 9 1 437 3.7 T
I 131 0.496 5 7 392 6.1 T
Sm 153 0.134 18 10 333 5.2 T
Ir 192 0.111 23 1 296 6.6 D
Co 60 6.648 4 5 461 7.9 N
Cr 51 13.877 3 10 355 5.5 D
Cr 51 10.341 25 4 280 4.0 D
Ir 192 8.536 6 9 412 6.7 D
P 32 3.752 12 7 427 6.6 T
Mo 99 23.811 8 1 273 4.9 N
Cr 51 15.434 28 10 301 7.3 N
Cs 137 0.305 11 8 421 3.6 N
Sm 153 8.326 17 9 342 9.0 T
Cr 51 33.009 19 5 469 9.0 T
Mo 99 5.602 5 10 342 8.1 D
Cs 137 0.582 14 2 427 4.1 T
Cs 137 0.586 7 6 441 4.5 D
Mo 99 39.380 3 9 469 8.2 N
Sm 153 8.998 6 10 375 7.2 N
Sm 153 0.599 23 6 293 8.3 T
Mo 99 22.080 2 9 310 5.5 T
Mo 99 12.805 22 2 317 3.8 N
Lu 177 6.097 2 5 295 4.1 N
Cr 51 7.053 15 6 371 7.7 D
Ir 192 3.234 24 4 372 8.5 T
Ir 192 0.157 31 7 442 8.0 N
Mo 99 3.260 28 3 433 8.1 T
Sm 153 3.360 29 7 346 4.6 T
I 131 6.396 20 9 465 5.9 N
Ir 192 0.101 6 5 242 8.2 T
Co 60 7.397 4 9 386 6.5 T
Co 60 0.248 27 3 259 4.9 T
I 131 0.756 22 4 271 3.4 D
I 131 2.545 29 3 364 4.6 N
Sm 153 17.812 3 3 392 5.8 N
Cr 51 36.343 1 1 480 4.1 N
Ir 192 2.326 25 2 319 5.9 D
Lu 177 2.940 29 3 469 4.6 T
Ir 192 2.108 14 10 359 7.6 T
Cr 51 73.096 18 12 455 7.4 D
Sm 153 1.300 13 8 374 5.0 D
I 131 0.076 12 12 311 4.4 T
Cr 51 2.519 12 3 324 4.8 D
Cr 51 30.965 14 6 245 8.4 T
Ir 192 3.893 7 5 395 5.7 D
Mo 99 12.166 26 3 246 8.6 T
Ir 192 4.347 15 12 366 3.2 T
Cr 51 33.720 9 1 444 3.7 D
I 131 4.758 11 2 470 4.7 N
Ir 192 1.989 31 5 287 4.5 N
Mo 99 13.553 19 11 307 7.4 T
Cr 51 2.576 6 6 325 5.9 T
I 131 6.726 9 10 439 8.6 T
Mo 99 3.661 27 2 279 7.6 T
Co 60 0.194 15 2 473 8.5 D
Cr 51 43.978 6 10 248 7.2 T
P 32 0.675 27 7 281 3.2 T
Ir 192 0.163 6 4 469 8.0 N
P 32 26.151 29 11 302 8.0 D
Sm 153 0.128 11 2 243 4.7 T
I 131 12.036 14 6 331 8.4 D
Lu 177 18.487 26 9 406 7.7 T
P 32 3.874 6 5 287 8.2 N
Lu 177 6.423 20 7 392 3.7 N
Lu 177 9.722 19 5 252 9.0 D
Co 60 2.332 7 1 299 3.8 T
I 131 0.126 24 10 286 8.2 D
P 32 2.052 15 5 247 5.3 T
Lu 177 8.182 22 11 355 8.5 N
Cs 137 0.283 11 11 242 5.4 T
Cr 51 35.124 2 8 323 8.3 D
Ir 192 4.037 25 8 274 3.6 T
Lu 177 17.522 31 1 369 8.3 T
Lu 177 9.302 3 12 360 4.6 T
I 131 10.800 1 3 362 3.5 N
Ir 192 1.516 7 7 455 4.4 N
P 32 33.279 13 8 471 5.0 T
Lu 177 11.005 22 7 300 7.8 T
I 131 0.693 4 6 324 5.9 T
Lu 177 0.082 20 1 306 7.0 D
Cs 137 0.804 7 7 260 4.4 T
Co 60 3.215 18 4 341 3.9 T
I 131 9.082 8 12 281 6.0 N
Mo 99 3.613 18 9 397 8.5 T
Mo 99 24.628 30 7 476 6.7 D
Ir 192 6.068 15 11 355 6.7 T
Lu 177 4.105 6 7 411 5.7 D
Mo 99 0.300 16 3 279 4.0 D
Sm 153 14.859 22 1 400 7.5 D
P 32 25.518 20 6 304 7.7 T
I 131 2.794 19 3 443 6.6 D
Cs 137 0.128 14 8 265 3.5 T
I 131 0.569 30 10 384 7.3 D
Sm 153 0.136 1 10 365 5.1 D
Sm 153 8.206 17 5 417 4.0 N
Cr 51 2.896 22 3 349 3.6 T
P 32 0.683 21 8 266 5.3 T
P 32 0.364 24 9 428 8.3 N
Lu 177 0.104 15 11 371 6.7 N
Ir 192 3.959 30 1 316 4.8 D
Co 60 2.419 20 3 240 7.6 N
Ir 192 1.582 3 11 263 5.5 T
Co 60 0.106 12 4 427 5.9 T
Ir 192 9.762 13 12 459 7.2 D
Lu 177 3.632 15 11 305 6.7 D
Co 60 0.338 23 12 398 4.3 T
I 131 0.094 12 5 412 6.6 N
Cr 51 4.261 24 9 275 8.3 D
Lu 177 4.793 14 10 426 7.6 N
Co 60 2.433 31 10 291 6.9 D
I 131 5.613 6 3 251 5.4 D
Ir 192 5.761 11 9 418 4.1 N
Sm 153 8.959 5 3 390 5.5 D
Co 60 3.417 28 8 422 8.6 T
Co 60 0.080 27 8 386 4.7 T
Cs 137 0.334 20 11 265 5.1 D
Cr 51 0.329 28 3 266 8.1 D
Lu 177 1.325 2 1 463 8.5 T
Mo 99 2.931 30 8 399 5.0 D
I 131 7.298 7 12 292 8.1 N
I 131 13.281 5 8 374 7.3 N
Ir 192 1.247 11 12 374 7.9 N
Cs 137 0.032 27 7 333 3.2 N
Mo 99 6.499 30 1 461 4.8 N
Sm 153 7.533 14 2 383 4.1 N
Mo 99 26.952 7 11 471 4.8 N
Lu 177 0.091 8 8 441 4.6 T
Mo 99 16.283 11 3 299 4.4 N
P 32 6.086 12 9 378 5.9 N
Co 60 3.798 20 1 444 7.0 T
Lu 177 10.581 29 6 252 6.7 D
Lu 177 6.509 3 11 423 5.5 D
P 32 15.569 3 12 281 4.6 N
P 32 1.934 20 3 304 7.6 T
Mo 99 42.829 2 7 472 6.5 N
Co 60 7.403 1 11 323 6.1 D
Sm 153 11.778 17 4 349 8.7 D
Cs 137 0.010 25 8 423 3.6 D
Sm 153 14.611 6 9 241 6.7 T
Lu 177 4.335 1 4 288 5.2 T
Cr 51 24.431 11 12 405 7.9 D
Ir 192 7.019 23 11 369 5.4 N
Cs 137 0.029 13 1 260 7.6 N
Ir 192 3.098 22 4 351 3.4 T
Cs 137 0.007 16 9 278 6.4 T
P 32 5.454 25 12 254 4.1 N
Cr 51 1.146 6 8 315 6.6 N
Mo 99 4.834 22 9 456 6.8 D
Cs 137 0.293 26 7 444 4.7 T
Mo 99 38.107 23 5 326 8.3 N
Cr 51 39.894 11 3 479 4.4 T
I 131 10.389 4 10 389 3.9 T
I 131 0.488 1 3 265 3.5 D
Lu 177 0.122 19 12 419 5.3 N
I 131 14.008 19 5 427 9.0 N
Mo 99 1.558 6 7 427 5.7 T
I 131 4.651 18 9 364 8.5 N
Ir 192 2.830 4 11 254 7.6 T
I 131 0.583 12 7 278 6.6 D
Ir 192 7.173 22 5 474 8.6 N
Sm 153 14.632 27 12 388 5.5 T
Mo 99 1.075 6 1 461 5.0 D
I 131 1.150 8 12 396 6.0 D
I 131 1.544 26 9 432 7.7 D
Lu 177 0.146 4 10 406 3.9 D
Mo 99 0.454 24 10 311 8.2 N
Co 60 16.552 28 8 460 8.6 N
Sm 153 3.612 16 2 323 6.6 D
P 32 11.557 13 11 348 8.2 T
Lu 177 6.941 19 12 451 5.3 T
I 131 10.128 10 7 353 6.9 D
P 32 11.510 9 2 253 4.2 T
Lu 177 5.715 2 9 314 5.5 N
Co 60 0.030 22 12 262 7.2 T
Ir 192 2.010 20 7 280 3.7 D
Sm 153 12.074 22 2 417 3.8 T
Cs 137 1.906 14 9 407 7.7 T
Ir 192 1.554 2 8 240 8.3 T
Mo 99 1.175 19 1 373 8.8 T
Ir 192 1.817 31 10 349 6.9 N
Co 60 5.252 22 5 344 8.6 D
Mo 99 0.699 18 12 428 7.4 T
Sm 153 7.540 3 3 360 5.8 D
Cr 51 7.349 17 2 477 6.3 D
Sm 153 2.660 14 8 421 3.5 N
Co 60 4.214 15 1 345 4.9 N
Lu 177 0.072 14 3 388 4.6 D
Co 60 2.327 24 5 258 6.3 D
P 32 30.543 12 9 456 5.9 D
Cr 51 8.464 2 1 351 8.5 D
Ir 192 0.100 22 11 377 8.5 T
Ir 192 6.991 11 7 449 4.9 D
Cr 51 48.601 30 7 433 6.7 N
I 131 1.307 20 8 422 7.0 T
Cs 137 0.009 23 11 432 5.4 T
Ir 192 0.271 25 12 245 4.1 D
P 32 3.495 29 4 332 3.3 N
Lu 177 16.022 17 4 351 8.7 N
Sm 153 21.794 4 2 379 5.4 T
Cs 137 0.064 19 6 454 5.8 N
Ir 192 0.033 11 3 305 4.4 D
Ir 192 2.760 24 11 433 4.4 D
Cs 137 0.024 8 11 273 7.9 D
Cs 137 1.052 21 12 418 4.5 N
Lu 177 8.135 11 5 422 5.4 N
Lu 177 0.645 19 3 270 6.6 N
Co 60 3.398 8 5 287 8.8 N
Cr 51 11.949 12 6 317 4.8 N
I 131 5.867 22 3 445 3.6 N
Sm 153 5.707 7 11 386 4.8 T
Mo 99 0.650 24 4 322 8.5 N
I 131 0.168 20 4 326 7.0 T
Ir 192 7.025 15 6 464 7.7 T
P 32 0.169 15 8 368 5.8 T
Cs 137 0.507 27 5 379 4.3 N
Lu 177 1.682 30 10 347 7.3 N
Cr 51 4.126 8 11 263 7.9 N
P 32 6.695 28 5 389 7.4 T
Cs 137 0.117 11 8 430 3.6 T
Ir 192 0.307 4 3 352 5.2 D
I 131 9.040 9 6 452 7.7 N
Cr 51 64.035 21 6 474 4.5 T
Lu 177 0.161 16 1 432 8.3 T
Mo 99 0.650 1 7 294 7.1 N
I 131 1.390 14 3 365 4.6 N
Lu 177 3.460 18 6 308 6.4 D
Ir 192 4.774 7 1 473 3.8 N
Co 60 7.659 23 6 250 8.3 N
Sm 153 12.661 11 9 457 4.1 D
Ir 192 3.754 20 4 376 7.0 D
Ir 192 0.578 28 1 248 4.6 N
I 131 1.383 16 1 479 8.3 D
Ir 192 6.852 2 3 435 6.7 D
Sm 153 1.019 25 8 354 3.6 N
I 131 3.138 29 1 301 8.5 D
Sm 153 3.663 12 4 285 5.9 D
Mo 99 3.245 25 1 402 7.8 D
Mo 99 15.701 7 5 364 5.7 T
Cs 137 1.522 4 11 409 7.6 N
Cs 137 1.225 22 2 480 3.8 D
Lu 177 4.472 29 11 334 8.0 T
Cr 51 6.305 4 2 324 5.4 D
Cr 51 1.905 19 10 366 8.5 D
Ir 192 2.560 24 11 284 4.4 N
Lu 177 7.339 3 9 309 8.2 T
P 32 4.551 26 3 265 8.6 N
Mo 99 0.435 31 7 251 8.0 D
Ir 192 5.508 5 6 478 5.5 D
I 131 0.259 20 1 267 7.0 N
Sm 153 0.130 23 11 326 5.4 D
Lu 177 14.380 22 12 429 7.2 N
I 131 4.248 20 8 357 7.0 N
Mo 99 10.171 1 12 280 5.7 N
P 32 38.226 19 11 451 7.4 N
Cr 51 38.313 23 4 353 8.4 N
Lu 177 0.183 1 10 480 5.1 T
Cr 51 34.876 17 9 409 9.0 N
Cr 51 9.185 31 3 345 6.0 N
Mo 99 26.432 28 10 367 7.3 D
Co 60 5.577 7 2 448 6.2 N
Lu 177 0.055 7 6 305 4.5 N
Sm 153 6.480 15 7 319 5.2 N
Sm 153 2.356 7 8 368 6.7 D
Co 60 0.065 2 5 414 4.1 D
Lu 177 0.907 27 5 245 4.3 D
Cs 137 0.533 13 12 272 7.2 N
Lu 177 0.911 6 1 280 5.0 N
Cr 51 17.489 4 3 265 5.2 T
Cs 137 0.014 15 8 411 5.8 N
Sm 153 8.329 10 7 307 6.9 N
I 131 1.778 9 4 422 5.0 T
Sm 153 0.157 6 3 408 5.4 N
Cs 137 0.229 12 10 376 4.5 T
I 131 7.532 2 5 384 4.1 T
Mo 99 8.078 11 7 405 4.9 N
Cs 137 1.067 11 2 427 4.7 D
Cr 51 6.375 15 1 324 4.9 D
Lu 177 0.904 6 6 322 5.9 D
I 131 0.115 26 9 457 7.7 N
Co 60 0.340 31 1 264 8.3 D
Ir 192 0.105 1 7 307 7.1 D
Co 60 0.789 12 4 308 5.9 N
Mo 99 20.633 27 8 359 4.7 N
Mo 99 0.767 15 6 474 7.7 N
Mo 99 0.546 7 8 292 6.7 N
Ir 192 1.673 25 6 277 8.9 T
I 131 5.247 18 3 287 7.1 N
Co 60 5.063 8 1 445 4.9 D
I 131 7.090 12 12 413 4.4 N
I 131 10.586 18 2 298 6.5 D
Sm 153 16.186 2 8 457 8.3 N
Mo 99 0.468 19 7 459 5.6 T
Ir 192 0.191 22 12 274 7.2 D
Ir 192 1.404 26 7 364 4.7 N
Ir 192 5.999 3 4 343 4.8 T
Ir 192 0.800 16 5 261 8.3 D
Lu 177 0.056 6 12 317 4.1 N
Sm 153 7.444 31 5 261 4.5 D
Cs 137 0.295 23 10 439 6.1 N
Mo 99 1.074 16 9 456 6.4 N
Lu 177 12.483 29 7 474 4.6 D
I 131 2.521 24 11 432 4.4 T
P 32 6.697 29 7 457 4.6 N
Mo 99 30.366 1 7 410 7.1 T
P 32 0.858 22 11 389 8.5 D
Ir 192 0.038 6 3 272 5.4 T
I 131 0.082 4 6 401 5.9 D
Mo 99 1.994 15 7 259 5.2 D
I 131 0.106 22 7 295 7.8 N
Sm 153 7.872 1 5 382 5.5 D
Ir 192 1.167 25 1 353 7.8 T
P 32 10.027 9 4 242 5.0 N
I 131 12.862 7 12 324 8.1 D
Sm 153 1.726 21 8 268 5.3 N
Co 60 10.057 3 9 444 8.2 D
Sm 153 0.914 14 9 472 7.7 D
Lu 177 5.973 24 5 264 6.3 T
Cr 51 27.415 7 1 414 3.8 D
I 131 0.071 18 8 354 5.8 N
Co 60 3.010 10 7 368 6.9 T
Sm 153 18.427 23 1 394 6.6 N
Sm 153 0.102 15 12 287 3.2 N
Mo 99 0.501 12 12 321 4.4 D
Sm 153 5.770 13 11 411 8.2 D
I 131 8.745 16 10 304 3.6 T
Cs 137 0.029 27 5 260 4.3 T
Co 60 2.247 11 4 447 5.5 D
Mo 99 27.273 19 6 448 5.8 D
P 32 23.493 16 10 433 3.6 N
Lu 177 5.032 1 3 320 3.5 T
Sm 153 7.021 12 6 317 4.8 D
Cs 137 0.045 15 12 425 3.2 D
Cr 51 15.214 4 10 380 3.9 N
Cr 51 43.939 17 7 385 3.6 D
I 131 0.655 21 6 340 4.5 N
Lu 177 0.542 19 8 270 6.0 N
Cr 51 20.243 22 3 429 3.6 D
Lu 177 3.923 17 9 390 9.0 D
Sm 153 6.007 22 9 317 6.8 T
Cs 137 1.038 16 4 474 3.6 T
Co 60 0.735 19 2 311 8.0 T
Mo 99 45.768 6 5 379 8.2 D
Cs 137 0.198 1 12 386 5.7 D
Ir 192 0.032 1 1 357 4.1 D
Lu 177 0.603 25 11 297 4.9 T
Cr 51 0.365 9 2 397 4.2 D
P 32 6.117 4 5 307 7.9 D
I 131 13.110 7 12 296 8.1 T
